owl            dade       10.55     100    5.50   1055.00   14.00  147.70   58.02  965.33
hibiscus       broward    15.82      15    5.00    237.30    7.00   16.61   11.87  232.55
rose           dade        9.99      45    5.50    449.55    9.00   40.46   24.73  433.82
carnation      palm        7.99      32    6.00    255.68    9.00   23.01   15.34  248.01
rose           palm        7.99      60    6.00    479.40    9.00   43.15   28.76  465.02
widow          palm       25.75       5    6.00    128.75    2.00    2.58    7.72  133.90
carnation      dade       12.55      10    5.50    125.50    4.00    5.02    6.90  127.38
carnation      dade       12.55       8    5.50    100.40    4.00    4.02    5.52  101.91
lilly          broward     6.92     150    5.00   1038.00   14.00  145.32   51.90  944.58
xerabtgemum    palm       13.63      50    6.00    681.50    9.00   61.34   40.89  661.05
yarrow         dade       22.85      20    5.50    457.00    7.00   31.99   25.14  450.14
zenobia        palm       37.19      32    6.00   1190.08    9.00  107.11   71.40 1154.38
zephyranthes   broward    62.82      40    5.00   2512.80    9.00  226.15  125.64 2412.29
daisy          broward    15.99      80    5.00   1279.20   14.00  179.09   63.96 1164.07
aconitum       dade       30.02      72    5.50   2161.44   14.00  302.60  118.88 1977.72
amaryllis      dade       16.14      65    5.50   1049.10   14.00  146.87   57.70  959.93
bogonia        broward    18.45       3    5.00     55.35    2.00    1.11    2.77   57.01
bellflow       broward     2.96     200    5.00    592.00   14.00   82.88   29.60  538.72
bergenia       palm       85.92      10    6.00    859.20    4.00   34.37   51.55  876.38

